50
1000000 2000000
1003717 1987538
1013804 1939331
1222652 1836943
831085 961576
1323254 1655499
1036764 1919078
54728 86069
1140403 1378888
1086580 1931538
4017 5065
47682 47682
1075058 1974024
1104180 1282545
1081837 1579766
1081844 1913145
1054644 1914812
200978 590182
17 79
401165 866289
1503092 1980132
1001493 1921033
1092675 1901907
1676026 1895467
39677 93416
1127 7446
205 445
1097902 1907197
229602 483412
74999 89942
1078656 1915322
44 52
1049694 1900352
100000 999999
4251 6207
1079496 1901886
191939 567669
1011791 1962213
35390 98715
364 920
100 101
11868 53377
443 748
10000 10000
1091806 1930053
1070990 1934498
1 9
332045 943240
7621 9867
1028742 1028742
